m rook-moved.obj
m knight-moved.obj
m bishop-moved.obj
m king-moved.obj
m queen-moved.obj
m pawn-moved.obj

e 2 10.0 0 20.0 0 0 0 1 1 1 1

e 0 0.0  0 0.0 0 0  0 1 1 1 1
e 1 5.0  0 0.0 0 0 0 1 1 1 1
e 2 10.0 0 0.0 0 0 0 1 1 1 1
e 4 15.0 0 0.0 0 0 0 1 1 1 1
e 3 20.0 0 0.0 0 0 0 1 1 1 1
e 2 25.0 0 0.0 0 0 0 1 1 1 1
e 1 30.0 0 0.0 0 0 0 1 1 1 1
e 0 35.0 0 0.0 0 0 0 1 1 1 1
e 5 0.0  0 5.0 0 0 0 1 1 1 1
e 5 5.0  0 5.0 0 0 0 1 1 1 1
e 5 10.0 0 5.0 0 0 0 1 1 1 1
e 5 15.0 0 5.0 0 0 0 1 1 1 1
e 5 20.0 0 5.0 0 0 0 1 1 1 1
e 5 25.0 0 5.0 0 0 0 1 1 1 1
e 5 30.0 0 5.0 0 0 0 1 1 1 1
e 5 35.0 0 5.0 0 0 0 1 1 1 1

e 0 0.0  0 35.0 0 0 0 1 1 1 0
e 1 5.0  0 35.0 0 180 0 1 1 1 0 
e 2 10.0 0 35.0 0 0 0 1 1 1 0
e 4 15.0 0 35.0 0 0 0 1 1 1 0
e 3 20.0 0 35.0 0 0 0 1 1 1 0
e 2 25.0 0 35.0 0 0 0 1 1 1 0
e 1 30.0 0 35.0 0 180 0 1 1 1 0 
e 0 35.0 0 35.0 0 0 0 1 1 1 0
e 5 0.0  0 30.0 0 0 0 1 1 1 0
e 5 5.0  0 30.0 0 0 0 1 1 1 0 
e 5 10.0 0 30.0 0 0 0 1 1 1 0
e 5 15.0 0 30.0 0 0 0 1 1 1 0
e 5 20.0 0 30.0 0 0 0 1 1 1 0
e 5 25.0 0 30.0 0 0 0 1 1 1 0
e 5 30.0 0 30.0 0 0 0 1 1 1 0 
e 5 35.0 0 30.0 0 0 0 1 1 1 0